4294967294,219
1499,5
1499,4
1499,3
1499,2
1499,1
1498,5
1498,4
1498,3
1498,2
1498,1
4294967278,299
4294967279,509
1497,5
1497,4
1497,3
1497,2
1497,1
1496,6
1496,5
1496,4
1496,3
1496,2
1496,1
4294967278,227
4294967279,219
4294967278,298
4294967278,389
1494,5
1494,4
1494,3
1494,2
1494,1
4294967278,198
4294967278,192
1493,7
1493,6
1493,5
1493,4
1493,3
1493,2
1493,1
4294967279,181
4294967279,385
4294967279,179
4294967279,288
4294967278,302
1492,5
1492,4
1492,3
1492,2
1492,1
4294967294,182
1491,6
1491,5
1491,4
1491,3
1491,2
1491,1
4294967279,133
4294967279,249
4294967278,254
4294967279,246
4294967279,217
4294967278,392
4294967279,500
4294967278,197
1486,4
1486,2
1486,1
4294967278,183
4294967294,190
4294967294,198
4294967278,390
4294967278,177
1485,5
1485,4
1485,2
1485,1
4294967279,163
4294967278,156
4294967278,155
1484,7
1484,6
1484,5
1484,4
1484,2
1484,1
4294967294,191
4294967294,405
4294967279,506
1483,5
1483,4
1483,2
1483,1
4294967294,169
4294967278,317
4294967294,416
4294967294,391
4294967294,454
4294967294,206
4294967294,161
1482,6
1482,5
1482,4
1482,2
1482,1
4294967278,311
4294967278,290
4294967278,289
4294967279,503
4294967279,289
4294967279,497
4294967279,386
4294967279,390
1481,5
1481,4
1481,2
1481,1
1480,5
1480,4
1480,2
1480,1
1479,5
1479,4
1479,2
1479,1
1478,6
1478,5
1478,4
1478,2
1478,1
4294967279,159
4294967294,410
4294967278,303
1476,5
1476,4
1476,2
1476,1
4294967278,300
4294967278,261
1475,7
1475,6
1475,5
1475,4
1475,2
1475,1
4294967279,502
1474,5
1474,4
1474,2
1474,1
4294967278,344
4294967278,297
1473,6
1473,5
1473,4
1473,2
1473,1
4294967294,111
4294967294,262
4294967279,286
4294967278,149
4294967279,146
4294967279,267
4294967278,309
4294967278,276
4294967278,274
4294967278,236
4294967294,483
4294967294,189
4294967294,261
4294967279,202
4294967294,113
4294967278,185
4294967278,350
4294967279,417
1464,6
1464,5
1464,4
1464,2
1464,1
1463,5
1463,4
1463,2
1463,1
1462,5
1462,4
1462,2
1462,1
1461,5
1461,4
1461,2
1461,1
1460,6
1460,5
1460,4
1460,2
1460,1
4294967278,224
1458,5
1458,4
1458,2
1458,1
1457,7
1457,6
1457,5
1457,4
1457,2
1457,1
1456,5
1456,4
1456,2
1456,1
4294967294,118
4294967294,256
1455,6
1455,5
1455,4
1455,2
1455,1
4294967279,391
4294967278,373
4294967294,183
4294967294,184
1449,5
1449,4
1449,2
1449,1
1448,7
1448,6
1448,5
1448,4
1448,2
1448,1
4294967294,109
4294967294,252
4294967278,363
1447,5
1447,4
1447,2
1447,1
4294967294,403
4294967294,406
1446,6
1446,5
1446,4
1446,2
1446,1
4294967294,384
4294967294,411
4294967294,468
4294967294,170
4294967278,132
4294967278,131
4294967278,130
4294967278,123
4294967278,121
4294967278,118
4294967278,117
4294967278,116
4294967278,115
4294967278,114
4294967278,113
4294967278,112
4294967278,111
4294967278,107
4294967278,103
4294967278,99
4294967278,98
4294967278,360
4294967278,89
4294967278,87
4294967278,86
4294967278,85
4294967278,82
4294967278,81
4294967278,80
4294967278,79
4294967278,73
4294967278,72
4294967278,70
4294967278,69
4294967278,68
4294967278,67
4294967278,63
4294967278,61
4294967278,60
4294967279,499
4294967279,76
4294967279,74
4294967279,468
4294967279,59
4294967279,58
4294967279,55
4294967279,50
4294967279,44
4294967279,41
4294967279,39
4294967279,29
4294967279,9
4294967279,8
4294967279,6
4294967278,105
4294967279,501
1445,5
1445,4
1445,2
1445,1
1444,5
1444,4
1444,2
1444,1
4294967279,184
1443,5
1443,4
1443,2
1443,1
1442,6
1442,5
1442,4
1442,2
1442,1
4294967279,241
1440,5
1440,4
1440,2
1440,1
1439,7
1439,6
1439,5
1439,4
1439,2
1439,1
1438,5
1438,4
1438,2
1438,1
1437,6
1437,5
1437,4
1437,2
1437,1
4294967279,150
1433,6
1433,5
1433,4
1433,2
1433,1
4294967279,486
4294967279,485
1431,5
1431,4
1431,2
1431,1
1430,7
1430,6
1430,5
1430,4
4294967279,200
1430,2
1430,1
4294967279,478
1429,5
1429,4
1429,2
1429,1
1428,6
1428,5
1428,4
1428,2
1428,1
4294967279,151
1427,5
1427,4
1427,2
1427,1
1426,5
1426,4
1426,2
1426,1
4294967279,494
1425,5
1425,4
1425,2
1425,1
1424,6
1424,5
1424,4
1424,2
1424,1
4294967278,266
4294967279,473
4294967279,183
1422,5
1422,4
1422,2
1422,1
1421,7
1421,6
1421,5
1421,4
1421,2
1421,1
4294967294,482
4294967294,481
4294967294,480
4294967279,466
4294967279,393
4294967294,479
4294967294,478
4294967294,477
4294967278,391
1420,5
1420,4
1420,2
1420,1
4294967278,277
4294967294,204
4294967278,325
1419,6
1419,5
1419,4
1419,2
1419,1
4294967294,408
1418,5
1418,4
1418,2
1418,1
4294967278,418
4294967279,459
1417,5
1417,4
1417,2
1417,1
4294967279,195
1416,5
1416,4
1416,2
1416,1
1415,6
1415,5
1415,4
1415,2
1415,1
4294967294,459
4294967294,476
4294967278,301
4294967278,165
4294967278,162
4294967278,440
4294967278,151
1413,5
1413,4
1413,2
1413,1
4294967294,475
1412,7
1412,6
1412,5
1412,4
1412,2
1412,1
4294967294,474
4294967294,473
4294967294,472
4294967278,265
4294967294,471
4294967294,511
4294967279,269
4294967278,351
1411,5
1411,4
1411,2
1411,1
4294967278,431
4294967278,243
4294967278,129
4294967278,128
4294967278,125
4294967278,120
4294967278,119
4294967278,110
4294967278,109
4294967278,108
4294967278,101
4294967278,100
4294967278,94
4294967278,92
4294967278,90
4294967278,84
4294967278,83
4294967278,78
4294967278,77
4294967278,76
4294967278,74
4294967278,66
4294967278,65
4294967278,64
4294967278,62
4294967278,384
4294967278,278
4294967278,398
4294967279,387
4294967279,492
4294967279,66
4294967279,63
4294967279,56
4294967279,47
4294967279,281
4294967279,174
4294967279,280
4294967279,498
4294967279,302
4294967279,17
4294967279,5
4294967279,4
4294967278,419
4294967294,462
4294967279,205
1409,5
1409,4
1409,2
1409,1
4294967294,467
4294967279,439
1408,5
1408,4
1408,2
1408,1
1407,5
1407,4
1407,2
1407,1
1406,6
1406,5
1406,4
1406,2
1406,1
4294967294,508
4294967278,272
4294967278,127
4294967278,124
4294967279,37
4294967279,483
4294967279,21
4294967279,20
4294967279,19
4294967279,268
4294967278,420
4294967278,126
1404,5
1404,4
1404,2
1404,1
4294967294,507
4294967279,229
1403,7
1403,6
1403,5
1403,4
1403,2
1403,1
4294967279,487
1402,5
1402,4
1402,2
1402,1
4294967294,420
4294967278,444
4294967294,157
4294967294,205
1401,6
1401,5
1401,4
1401,2
1401,1
4294967278,421
1399,5
1399,4
1399,2
1399,1
4294967294,213
4294967279,275
1398,5
1398,4
1398,2
1398,1
4294967279,274
4294967279,259
1397,6
1397,5
1397,4
4294967279,250
1397,2
1397,1
4294967279,258
4294967278,219
4294967278,206
4294967278,205
1395,5
1395,4
1395,2
1395,1
4294967278,194
1394,7
1394,6
1394,5
1394,4
1394,2
1394,1
4294967279,185
4294967294,168
4294967294,176
4294967278,413
4294967278,166
1393,5
1393,4
1393,2
1393,1
4294967294,396
4294967294,419
4294967294,179
4294967278,140
4294967279,143
1392,6
1392,5
1392,4
1392,2
1392,1
4294967294,199
4294967278,122
4294967278,285
1391,5
1391,4
1391,2
1391,1
1390,5
1390,4
1390,2
1390,1
1389,5
1389,4
1389,2
1389,1
1388,6
1388,5
1388,4
1388,2
1388,1
1386,5
1386,4
1386,2
1386,1
4294967279,134
1385,7
1385,6
1385,5
1385,4
1385,2
1385,1
4294967279,495
1384,5
1384,4
1384,2
1384,1
1383,6
1383,5
1383,4
1383,2
1383,1
4294967279,457
4294967278,316
1373,5
1373,4
1373,2
1373,1
1372,5
1372,4
1372,2
1372,1
1371,5
1371,4
1371,2
1371,1
1370,6
1370,5
1370,4
1370,2
1370,1
4294967279,318
1368,5
1368,4
1368,2
1368,1
4294967294,175
1367,7
1367,6
1367,5
1367,4
1367,2
1367,1
1366,5
1366,4
1366,2
1366,1
4294967278,182
1365,6
1365,5
1365,4
1365,2
1365,1
4294967278,284
4294967279,484
1364,5
1364,4
1364,2
1364,1
4294967278,88
1363,5
1363,4
1363,2
1363,1
1362,5
1362,4
1362,2
1362,1
4294967279,254
4294967294,510
1361,6
1361,5
1361,4
1361,2
1361,1
4294967278,416
4294967278,217
4294967278,215
4294967279,211
4294967278,137
1359,5
1359,4
1359,2
1359,1
4294967278,255
4294967294,509
4294967279,493
4294967278,181
1358,7
1358,6
1358,5
1358,4
1358,2
1358,1
4294967294,216
4294967294,506
4294967294,505
4294967279,173
4294967294,504
4294967294,503
1357,5
1357,4
1357,2
1357,1
4294967279,479
4294967278,145
4294967279,480
4294967294,412
4294967294,259
4294967294,386
4294967278,271
1356,6
1356,5
1356,4
1356,3
1356,2
1356,1
4294967294,392
4294967294,12
4294967294,126
4294967294,5
1355,5
1355,4
1355,2
1355,1
4294967278,225
1354,5
1354,4
1354,2
1354,1
1353,5
1353,4
1353,2
1353,1
4294967278,226
1352,6
1352,5
1352,4
1352,2
1352,1
4294967294,502
4294967278,340
4294967278,164
4294967278,159
1350,5
1350,4
1350,2
1350,1
4294967279,148
4294967294,501
4294967279,147
1349,7
1349,6
1349,5
1349,4
1349,2
1349,1
4294967294,500
4294967294,499
4294967279,273
4294967279,272
4294967278,218
4294967278,216
1348,5
1348,4
1348,2
1348,1
1347,6
1347,5
1347,4
1347,2
1347,1
4294967279,157
4294967279,491
4294967278,382
4294967278,186
4294967279,136
4294967279,461
4294967278,173
4294967279,168
4294967279,482
4294967279,419
4294967279,248
4294967278,231
4294967278,442
1339,5
1339,4
4294967279,213
1339,2
1339,1
4294967278,211
4294967278,207
4294967278,201
4294967294,167
4294967279,138
1338,6
1338,5
4294967279,192
1338,4
1338,2
1338,1
4294967279,191
4294967294,40
4294967294,38
4294967294,37
4294967278,222
4294967278,106
4294967278,104
4294967278,102
4294967278,97
4294967278,96
4294967278,95
4294967278,410
4294967278,93
4294967278,91
4294967278,75
4294967278,427
4294967279,467
4294967279,448
4294967279,460
4294967279,458
1337,5
1337,4
1337,2
1337,1
4294967278,378
4294967278,377
1336,5
1336,4
1336,2
1336,1
4294967278,372
1335,5
1335,4
1335,2
1335,1
4294967278,370
1334,6
1334,5
1334,4
1334,2
1334,1
4294967278,369
4294967278,223
1332,5
1332,4
1332,2
1332,1
4294967279,209
1331,7
1331,6
1331,5
4294967279,203
1331,4
1331,2
1331,1
4294967278,367
4294967278,195
4294967278,365
4294967278,364
1330,5
1330,4
1330,3
1330,2
1330,1
4294967279,161
1329,6
1329,5
1329,4
1329,2
1329,1
4294967278,361
1328,5
1328,4
1328,2
1328,1
4294967278,411
1327,5
1327,4
1327,2
1327,1
4294967278,248
4294967278,359
1326,5
1326,4
1326,2
1326,1
4294967279,314
4294967279,240
4294967279,400
4294967278,358
1325,6
1325,5
1325,4
1325,2
1325,1
4294967278,381
4294967278,355
4294967278,203
4294967278,354
4294967279,226
4294967278,339
1323,5
1323,4
1323,2
1323,1
1322,7
1322,6
1322,5
1322,4
1322,2
1322,1
4294967278,161
4294967278,142
1321,5
1321,4
1321,2
1321,1
4294967294,466
4294967279,276
4294967279,137
4294967294,209
4294967279,295
4294967294,415
4294967294,178
4294967294,397
4294967279,303
1320,6
1320,5
1320,4
1320,2
1320,1
4294967278,441
4294967278,379
4294967278,368
4294967278,375
4294967278,374
4294967279,300
4294967279,313
4294967279,296
4294967279,310
4294967279,308
4294967279,290
4294967279,306
4294967279,305
4294967278,342
1319,5
1319,4
1319,2
1319,1
1318,5
1318,4
1318,2
1318,1
4294967278,338
4294967279,312
1317,5
1317,4
1317,2
1317,1
4294967279,311
1316,6
1316,5
1316,4
1316,2
1316,1
4294967279,309
4294967278,168
4294967278,147
1314,5
1314,4
1314,2
1314,1
4294967279,307
1313,7
1313,6
1313,5
1313,4
1313,2
1313,1
1312,5
1312,4
1312,2
1312,1
4294967278,408
4294967279,301
4294967278,329
4294967279,299
1311,6
1311,5
1311,4
1311,2
1311,1
4294967278,328
4294967279,162
4294967279,284
4294967278,412
4294967278,324
4294967278,323
4294967294,498
4294967294,497
4294967294,494
4294967294,493
4294967294,116
4294967279,418
1303,5
1303,4
1303,2
1303,1
4294967294,89
4294967294,399
4294967294,186
4294967294,385
4294967294,398
4294967278,178
1302,6
1302,5
1302,4
1302,2
1302,1
4294967294,437
4294967278,71
4294967278,388
4294967279,69
4294967279,67
4294967279,62
4294967279,7
4294967278,346
4294967279,410
4294967278,169
4294967279,158
1301,5
1301,4
1301,2
1301,1
1300,5
1300,4
1300,2
1300,1
1299,5
1299,4
1299,2
1299,1
4294967279,454
4294967279,253
1298,6
1298,5
1298,4
1298,2
1298,1
4294967279,225
4294967279,251
4294967279,247
4294967278,439
1296,5
1296,4
1296,2
1296,1
4294967279,239
4294967278,434
4294967278,189
1295,7
1295,6
1295,5
1295,4
1295,2
1295,1
4294967278,433
4294967278,397
4294967294,485
4294967294,484
1294,5
1294,4
1294,2
1294,1
4294967279,228
1293,6
1293,5
1293,4
1293,2
1293,1
4294967294,449
4294967279,294
4294967279,243
4294967278,426
4294967278,306
4294967279,242
4294967278,371
4294967279,445
4294967278,246
4294967279,201
4294967294,456
4294967279,199
4294967279,443
4294967278,242
4294967278,291
4294967279,187
4294967279,292
1287,5
1287,4
1287,2
1287,1
1286,7
1286,6
1286,5
1286,4
1286,2
1286,1
4294967278,148
4294967279,431
4294967278,395
4294967294,211
4294967279,32
4294967279,26
4294967278,135
4294967278,134
4294967278,133
4294967279,470
4294967279,16
1285,5
1285,4
1285,2
1285,1
1284,8
1284,7
4294967294,421
4294967294,50
4294967279,0
1284,6
1284,5
1284,4
1284,2
1284,1
4294967294,200
4294967294,409
4294967294,389
4294967294,387
4294967294,388
4294967278,0
4294967294,220
4294967294,81
4294967294,127
4294967294,18
1283,5
1283,4
1283,2
1283,1
4294967279,465
1282,5
1282,4
1282,2
1282,1
4294967278,191
4294967279,182
1281,5
1281,4
1281,2
1281,1
1280,6
1280,5
1280,4
1280,2
1280,1
4294967278,150
4294967278,139
4294967278,333
1278,5
1278,4
1278,2
1278,1
1277,7
1277,6
4294967279,453
1277,5
4294967278,310
1277,4
1277,2
1277,1
4294967279,420
4294967279,477
4294967279,256
4294967279,255
4294967279,472
4294967279,236
4294967278,241
4294967279,223
1276,5
4294967278,221
1276,4
1276,2
1276,1
4294967278,407
4294967278,405
4294967278,251
4294967278,343
4294967294,207
4294967278,308
1275,6
1275,5
4294967279,198
1275,4
1275,2
1275,1
4294967279,197
4294967294,202
4294967279,415
4294967279,180
4294967279,175
4294967294,448
4294967294,464
4294967279,413
4294967279,169
4294967279,291
4294967278,157
4294967278,349
4294967279,462
4294967278,319
4294967278,146
4294967279,142
4294967279,510
4294967279,135
4294967279,407
4294967279,447
4294967279,405
4294967279,265
4294967278,264
4294967279,396
4294967278,283
4294967279,279
4294967279,403
4294967279,435
4294967279,436
4294967278,352
4294967279,452
4294967279,438
4294967278,252
4294967278,295
4294967278,400
4294967278,294
4294967278,313
4294967278,357
4294967279,392
4294967278,348
4294967279,227
4294967278,210
4294967279,208
4294967294,180
4294967279,425
4294967294,217
4294967294,450
4294967278,193
4294967279,190
4294967279,189
4294967279,188
4294967279,186
4294967278,396
4294967278,179
4294967294,112
4294967294,465
4294967294,108
4294967278,307
4294967278,176
4294967278,387
4294967278,305
4294967294,395
4294967294,407
4294967294,414
4294967294,162
4294967294,185
4294967278,171
4294967279,475
